100
3 1201
6 4000201
6 1120221
1 02
1 01
6 6000002
6 6728179
6 1111111
6 9000081
6 9832145
5 201212
6 4000801
6 0000005
4 12202
6 1111111
0 1
4 98001
6 9999999
3 3001
6 0004001
6 3874703
6 0201101
6 1231922
4 51001
0 1
5 504452
6 0000021
0 5
6 6295358
4 11111
6 0003001
6 0070801
6 2101011
5 122022
6 0001201
0 1
5 000401
3 0101
2 221
5 110011
6 2110211
6 3791737
2 001
3 0001
6 0000001
6 8050007
5 021101
6 0000001
6 0070001
2 201
0 9
1 11
6 7975632
6 3008001
4 11111
6 0010202
6 3005096
1 61
5 018001
5 115578
4 00001
0 1
1 09
6 0001004
6 6000001
6 0006001
6 0030001
0 1
6 7869081
4 83001
2 854
4 73011
6 9702206
6 2201121
6 8008925
3 0001
4 70001
6 3700781
6 1220012
6 4000081
3 0001
3 1111
6 0400001
6 0706001
4 42175
1 45
6 0930001
6 2015301
6 0000025
6 0000001
6 0000001
4 88001
6 3009001
6 1200202
6 0030301
6 4665223
0 8
3 1001
6 2212222
6 8000301
